40.65,38.90,39.10,39.54,39.53,39.55,40.72,41.27,41.86,41.51,43.02,43.68,44.50,43.66,44.04,44.94,44.35,44.82,43.81,44.72,45.45,46.31,48.13,50.58,44.21,42.23,41.26,41.36,40.77,39.88,41.65,41.73
38.05,39.50,39.02,38.77,39.99,40.29,40.60,40.95,41.26,41.91,44.16,45.67,46.36,46.55,46.14,45.85,45.30,45.77,44.90,44.87,44.35,45.18,45.61,45.72,43.74,43.02,41.15,41.46,40.21,40.60,40.72,40.45
39.50,38.25,38.22,39.37,38.68,38.22,39.36,39.93,40.94,41.25,47.29,52.25,52.04,51.98,51.09,51.05,50.76,50.54,49.83,49.80,49.31,48.26,47.24,47.22,44.30,43.11,42.54,42.66,41.04,40.43,40.71,41.16
38.69,37.19,38.06,37.63,37.12,37.96,38.63,39.04,40.11,41.24,47.57,53.41,53.06,53.00,52.24,52.19,52.39,52.52,52.27,52.04,51.59,52.35,51.12,51.00,44.85,43.72,41.72,42.28,41.56,40.68,39.61,39.95
38.36,37.56,37.45,37.27,37.58,36.80,37.53,38.14,39.25,40.46,49.42,53.79,52.53,52.52,52.03,52.09,51.93,52.22,52.59,52.82,53.56,53.56,54.78,55.90,45.12,43.07,40.78,40.93,41.07,40.26,39.95,39.99
37.85,37.34,38.05,38.21,37.94,37.77,37.93,37.92,39.20,40.96,49.79,53.46,52.81,52.54,51.57,51.72,51.52,52.15,52.07,52.77,52.35,53.43,54.26,54.87,43.59,41.57,39.67,39.75,39.02,40.53,39.10,39.17
38.38,37.81,36.28,38.30,40.39,39.63,37.87,38.23,40.80,42.66,51.05,53.44,52.08,51.83,51.53,51.18,51.31,51.82,51.29,52.23,52.08,52.78,53.46,54.46,42.84,40.74,39.05,39.63,39.29,38.73,39.83,40.33
37.61,38.01,37.38,38.41,40.43,41.04,37.99,38.19,41.38,44.50,52.09,52.41,51.60,51.47,51.07,51.02,50.92,51.68,51.63,52.12,52.23,52.80,54.15,53.04,42.40,40.71,39.27,39.50,39.34,38.57,39.33,39.67
37.50,36.42,37.95,39.24,39.01,38.12,37.62,38.27,41.68,44.22,52.92,53.35,51.84,51.32,50.86,51.14,50.41,51.12,50.81,50.93,51.70,52.45,53.40,52.64,44.57,42.14,39.24,39.39,38.87,38.63,38.60,39.20
36.60,37.29,38.94,39.90,39.13,38.34,37.73,38.43,42.01,45.43,52.92,52.55,51.33,51.39,50.65,50.49,50.42,51.62,51.16,51.54,51.44,52.08,53.50,52.30,43.94,42.63,39.86,39.52,38.82,38.74,39.10,38.25
36.63,37.21,38.43,40.76,40.28,38.45,37.89,39.19,43.10,46.27,53.02,51.65,50.55,50.06,50.29,49.86,50.98,50.76,50.37,50.72,51.57,52.04,53.99,52.80,43.24,40.66,39.00,40.02,38.79,38.69,39.23,38.22
36.56,36.75,37.62,39.50,39.08,38.16,37.90,38.39,42.51,45.83,52.40,51.34,50.31,50.15,49.83,49.44,50.32,51.13,50.01,50.53,51.30,52.26,53.76,52.35,43.34,41.25,39.21,39.78,38.44,38.57,38.47,39.25
38.70,37.78,36.62,37.01,36.52,36.58,37.23,38.23,40.36,43.38,49.86,50.76,49.82,49.36,49.44,49.11,50.22,49.97,50.05,50.35,51.40,51.68,52.96,50.47,43.27,40.36,38.94,38.95,39.36,38.14,38.67,37.68
39.23,39.64,37.45,36.65,35.87,36.94,36.78,37.53,39.88,42.61,48.66,48.31,48.47,47.95,48.39,47.99,49.33,49.28,49.58,49.67,51.24,51.66,51.05,47.79,40.59,40.20,38.73,38.99,38.70,38.47,38.22,38.23
40.08,39.48,37.35,36.97,36.67,37.01,36.98,37.72,40.61,43.14,48.32,47.29,46.67,46.83,46.66,46.20,47.66,47.31,47.45,47.58,49.66,50.46,46.54,43.47,39.52,39.58,38.80,38.92,38.32,38.23,37.84,38.32
39.81,39.04,37.57,36.20,36.31,37.38,37.35,37.21,40.28,43.61,47.97,47.47,46.57,46.81,46.69,46.38,47.04,47.27,46.80,47.43,48.90,49.26,46.34,43.52,39.09,39.62,38.88,38.71,38.46,38.62,38.47,38.07
37.67,36.54,35.66,36.50,36.68,36.43,36.80,37.82,40.39,43.18,47.65,47.47,46.68,46.45,46.23,46.17,47.25,46.32,46.70,47.26,48.67,49.23,45.92,42.96,38.92,37.66,38.00,38.09,38.62,37.87,37.62,38.48
36.83,36.97,36.36,35.93,36.50,36.55,36.91,37.18,39.51,41.77,46.04,45.74,46.26,46.75,46.33,46.13,46.85,47.17,46.76,47.23,48.38,49.75,45.54,42.35,38.25,38.06,38.07,38.41,37.63,37.94,37.84,37.86
37.24,37.88,36.09,36.76,36.44,36.30,36.94,37.08,37.89,38.06,39.60,40.49,40.78,41.24,42.19,42.53,43.23,43.32,43.45,44.07,45.53,45.92,42.00,40.53,38.67,37.89,37.48,37.97,37.30,37.47,37.32,38.54
36.93,37.93,36.40,36.36,36.65,36.17,37.34,37.06,37.17,37.26,38.09,38.39,38.38,38.75,39.67,39.68,39.60,40.52,40.65,40.93,41.72,42.29,39.62,38.80,37.89,38.08,37.20,38.00,36.91,37.83,38.26,38.45
40.23,38.39,37.12,37.92,36.62,35.87,36.35,37.05,37.36,36.61,37.63,37.55,37.84,37.81,37.49,38.10,37.53,37.91,37.77,37.87,38.34,38.07,38.35,38.15,37.96,37.15,37.53,37.89,37.86,38.28,38.60,38.39
40.19,39.63,38.37,36.97,35.78,36.34,36.11,36.77,36.62,37.50,37.22,37.61,37.94,37.40,37.66,37.78,37.62,37.98,38.26,38.16,37.50,38.17,37.74,38.03,38.23,38.13,37.70,37.24,38.41,38.44,38.01,38.29
39.81,41.02,41.00,39.96,37.66,36.31,36.45,35.65,36.04,36.75,37.14,38.06,38.86,38.55,38.27,39.00,39.02,39.22,38.20,38.60,38.41,37.19,38.22,38.13,37.15,37.79,37.66,38.45,38.67,37.36,39.47,38.29
39.87,39.14,41.33,39.66,38.63,37.83,36.37,35.00,35.74,35.75,37.49,37.80,39.82,39.83,39.28,39.20,39.17,39.31,38.81,38.29,37.10,37.56,37.78,37.52,37.18,37.25,37.81,38.37,38.45,40.46,38.78,39.60